m,p
1.0, 0.8460210264022553
4.75, 4.2718198227384026
4.75, 3.624017098348466
2.25, 2.7002221292525177
6.0, 6.420115343180011
2.25, 2.735236618320826
6.0, 6.472550944740587
4.75, 6.327171900404572
2.25, 3.553597721881843
1.0, 2.1050588529796967
1.0, -0.5819628346907919
3.5, 3.166264831637317
3.5, 4.853025725493621
4.75, 4.055864920743721
6.0, 6.929839484298278
2.25, 1.1867909124347544
1.0, 1.4514238052460398
6.0, 6.187075818305998
4.75, 6.142671983195184
1.0, 0.2279316994368139
4.75, 4.683401979325589
2.25, 1.392955058419242
6.0, 6.51509896513353
6.0, 7.09279340727702
6.0, 6.001098763295919
4.75, 5.0012644199760885
6.0, 6.036309042881001
1.0, 0.05152195142443183
4.75, 5.310407231703745
4.75, 5.664686233687819
4.75, 3.371754259746683
1.0, -0.08851385624211572
3.5, 3.0457065553650304
1.0, 1.3473858624567916
1.0, 1.7441077867380022
1.0, 0.6047842152209744
1.0, 1.0155380052548542
1.0, 0.15982323886864447
6.0, 6.402123875684572
3.5, 3.3111776338189074
4.75, 4.6526808561454684
2.25, 1.7212746980901885
3.5, 4.009369218214064
2.25, 2.5703259639935876
2.25, 2.766987251461405
2.25, 2.3762239847764466
2.25, 1.646952102676712
3.5, 3.5428971550166244
2.25, 2.1834146539376156
3.5, 4.531850856076774
2.25, 1.50080551681513
4.75, 4.493658627634915
3.5, 2.4960314871121554
3.5, 2.348098464867978
3.5, 4.283031340159404
2.25, 2.1817802246352636
2.25, 2.536167562338711
1.0, 1.7836250040776895
6.0, 6.436502749162168
1.0, 0.7009798332396318
1.0, 0.6265026595791612
3.5, 3.106937499902127
3.5, 3.3515568155305373
3.5, 3.31272212530301
4.75, 4.637013600548336
2.25, 2.4138356652105317
1.0, 1.7601922047888272
4.75, 3.0511530592532115
1.0, 1.171577221916803
3.5, 2.354662427238226
2.25, 1.4831893329204646
1.0, 2.3285037537818907
1.0, 1.4156004239621425
6.0, 6.631892500798606
1.0, 0.8686050605208644
3.5, 2.9359933142292935
6.0, 4.755049679647399
2.25, 2.068042355917484
1.0, 1.4256702750618977
4.75, 4.216345576462628
6.0, 6.685076359479578
1.0, 0.5511270766378403
4.75, 4.776212825100442
2.25, 2.146883509339667
2.25, 1.3638913398846146
3.5, 2.345250355566355
2.25, 2.7788137879010613
4.75, 6.1318531186916205
4.75, 5.2446672023263625
4.75, 4.434367467823815
1.0, 0.25221400729684906
2.25, 2.4989213093736993
3.5, 3.56848366677079
6.0, 6.615485744953208
1.0, 1.150776965988193
1.0, 0.5709087350633131
6.0, 5.41033145918783
6.0, 5.805823999363803
1.0, 2.1196545834904725
1.0, 1.7374401583446362
6.0, 5.6220356281553885
1.0, 1.4149322279086536
1.0, 0.15284635968120264
1.0, 0.863343626959225
2.25, 3.6987345140404857
1.0, 0.30752152046759584
2.25, 1.108758778934487
6.0, 6.377302040625937
1.0, 1.1119176773362092
6.0, 5.901072341163981
2.25, 1.9531727740325984
3.5, 4.061634231454645
6.0, 5.192186425394727
1.0, 1.0200812668800294
2.25, 3.3700802619583405
2.25, 2.972334497454023
3.5, 3.5112399375534795
3.5, 2.422061804783337
4.75, 4.703229345287268
6.0, 7.365185948748869
4.75, 5.759782188577473
4.75, 5.156187957137341
2.25, 1.9968626015195623
4.75, 5.252185355384043
3.5, 3.1597489627350503
2.25, 0.6529243278093815
4.75, 4.609361734025839
1.0, 1.1230690006982977
1.0, 1.706813361745914
4.75, 4.951874751709236
3.5, 3.8397940035623477
2.25, 2.0223209178845405
1.0, 2.5720649648555725
2.25, 3.090588648262142
1.0, 1.7006412967735862
6.0, 5.7234489560709765
4.75, 4.772795113572561
3.5, 3.629410215044733
3.5, 4.233922968450767
3.5, 2.953916823704885
4.75, 4.91183275211551
4.75, 5.507076522073449
3.5, 3.5855183760341767
2.25, 2.2845175519822227
4.75, 4.407945363654561
4.75, 3.4814113395969954
4.75, 4.76685181230346
6.0, 6.016695289822228
3.5, 3.536963529336269
2.25, 1.4175061560687559
3.5, 3.587712529951974
6.0, 5.810719832803181
1.0, 0.31356873018273923
6.0, 5.813024094375175
1.0, 1.3893775961741217
1.0, 0.6920806617301358
4.75, 3.981206802405544
2.25, 2.14152398308529
1.0, 0.8764450014841711
1.0, -0.41678294744381006
6.0, 4.87570906299335
2.25, 1.0673614085941692
2.25, 1.7360230993215364
3.5, 2.914643334126535
2.25, 2.863830637245642
3.5, 3.4486839462123506
3.5, 3.3617064641779093
2.25, 2.668760360483339
1.0, 0.7987996189041658
3.5, 3.3818784304381055
1.0, 0.9392164613143287
2.25, 3.128466257227892
3.5, 3.470251542386938
4.75, 5.578781785348522
2.25, 3.55038893996647
2.25, 2.0560794407027925
6.0, 6.681485005097743
4.75, 4.343740761306204
1.0, -0.7207519966774312
6.0, 6.764610061252408
1.0, -0.030941524730389247
1.0, 0.7127980293087421
4.75, 5.128758970400722
1.0, 0.2690092512683403
6.0, 6.588262957666882
2.25, 2.4879568306018567
6.0, 6.775711802363549
4.75, 4.357714276972307
4.75, 2.995318497809236
2.25, 2.4293923771702035
2.25, 2.5466533488631287
2.25, 2.4060812643995613
3.5, 3.84168422239248
2.25, 1.3939525946066649
6.0, 6.503531605010791
4.75, 5.880231023008361
2.25, 2.120332477570732
1.0, 1.5689524014849954
4.75, 4.28307718209446
2.25, 2.010554960336454
1.0, 1.680412802596539
2.25, 2.7727024301948475
3.5, 3.655409304456614
2.25, 1.0269590597817848
2.25, 2.268491981301553
6.0, 6.525559257595412
2.25, 2.381211293333907
3.5, 3.5194704388305853
6.0, 5.121092867133683
1.0, 0.7087045989547606
4.75, 3.3351811968225213
6.0, 5.320017548997049
3.5, 2.806129515902849
3.5, 3.6348721013727987
1.0, 0.26879570369446326
1.0, 0.7928871550693771
2.25, 2.3538917850250725
1.0, 1.6796252534305423
1.0, 1.416144754031964
2.25, 3.0254427867234877
3.5, 3.5015208351139604
1.0, 3.1275949475940603
1.0, 1.2233503891145536
3.5, 4.364392579481727
4.75, 5.254235780072782
6.0, 5.688514549320992
3.5, 3.5146349440491575
3.5, 3.056211750145496
3.5, 3.6110726370455812
3.5, 1.7169139885291358
1.0, 0.7782113673653508
1.0, 2.285019223334786
1.0, 1.0640288033404715
1.0, 0.7851495796495764
3.5, 3.040402328510916
2.25, 2.9911603218411775
2.25, 2.0595559692906233
6.0, 6.469586448996937
2.25, 2.6060812105586435
1.0, 0.8940774682785724
3.5, 2.841203119819723
3.5, 3.3975640659408315
1.0, 1.2259045938782247
4.75, 5.5352478252449595
4.75, 4.873692935978924
6.0, 5.673972753406468
6.0, 6.1667796193105575
2.25, 2.8427567704928505
2.25, 1.13207957323081
4.75, 3.3940583380114875
2.25, 1.8459330855024918
6.0, 5.640956304038431
4.75, 4.433208033581223
2.25, 1.5442527060541207
6.0, 7.218614262252501
2.25, 2.5859361218915238
6.0, 5.050152918375052
2.25, 2.423771386487088
4.75, 5.755919002002123
6.0, 6.170215722277184
6.0, 6.241368112515946
6.0, 5.28111084272427
2.25, 2.4641359145618917
4.75, 5.9906172618838225
3.5, 4.09387974528334
4.75, 5.0280905105235165
2.25, 2.664091632265367
3.5, 3.4366779066322923
3.5, 3.9839906393893436
4.75, 4.0959975342430175
6.0, 5.903535036119179
4.75, 5.061285742529624
6.0, 7.044523948621222
4.75, 4.38041939649305
1.0, -0.4777446870344151
3.5, 3.379133520383602
6.0, 6.586703261239876
4.75, 5.487728751577897
2.25, 1.1677830460090362
2.25, 2.6684586743275522
6.0, 5.2514456665272755
1.0, 1.063135948298876
3.5, 5.079499965440913
6.0, 7.110574121050991
4.75, 4.652090660198548
3.5, 4.304240382296435
6.0, 5.436004475717833
6.0, 6.346527258661773
3.5, 3.3018612761625565
4.75, 4.477342260882312
4.75, 5.930969541923569
3.5, 3.4225468316728476
2.25, 2.1122264342623396
1.0, 0.6769408181126142
4.75, 5.228412411527452
1.0, 1.6694843021448067
2.25, 2.021400069364107
3.5, 3.7725794358393405
2.25, 1.8010649250054511
3.5, 3.370635386912812
6.0, 5.569788367014968
4.75, 6.004191577320982
3.5, 4.0427594034867305
3.5, 4.8553233363316926
2.25, 1.920644296252088
1.0, 0.2222675696250931
3.5, 4.275532118950941
6.0, 5.769284070846387
4.75, 4.009292472752863
6.0, 6.1802638757918915
3.5, 3.3340044848484296
4.75, 4.733053329558458
2.25, 1.7022211335767563
1.0, -0.09828976961779645
1.0, 1.1044371801434085
1.0, 0.7682732992205614
1.0, 0.38583315988799827
3.5, 3.527223643976591
4.75, 4.943738161613335
6.0, 4.795862837691918
3.5, 4.24250587926855
2.25, 1.5027565140432166
1.0, 2.48919454644646
3.5, 4.012876826160239
1.0, 1.6019886787426065
6.0, 6.733090476340367
6.0, 5.901279287486073
6.0, 5.408195376151083
1.0, 1.149432442581953
1.0, 2.1536054694977222
2.25, 2.5138059541472955
4.75, 5.14866831026301
2.25, 1.5118286237689738
4.75, 4.967940653223096
6.0, 5.0931833712317305
6.0, 6.328633896615726
6.0, 5.94868478335807
6.0, 7.538754621734077
3.5, 3.75808467018241
4.75, 5.1028760767664405
4.75, 6.125161046860071
6.0, 6.650131369179919
6.0, 5.1655487239256574
6.0, 5.692998044914155
2.25, 1.4242592663791749
6.0, 4.641584705578689
4.75, 5.057248281463644
2.25, 3.095158743508871
3.5, 4.285572053881232
6.0, 4.702502076900746
3.5, 4.424199839658243
6.0, 6.297876462436707
6.0, 6.301069050356685
6.0, 6.275485988526807
3.5, 2.649677538051251
1.0, 1.4736356274093751
1.0, 1.2998767455722866
2.25, 2.1389259312522144
4.75, 4.0879558957798725
4.75, 5.015561575317909
4.75, 4.154452934854601
2.25, 2.698331603161515
1.0, -0.11627231126965132
2.25, 2.171419446105989
1.0, -0.12252980121400614
6.0, 4.638661005423666
4.75, 4.886053701701756
6.0, 5.114141920502938
3.5, 3.0339006554452554
4.75, 2.959511943484295
6.0, 5.792147976882552
6.0, 7.171007099717394
6.0, 6.187604084812972
6.0, 5.723791288917755
3.5, 2.75354853065647
1.0, 1.623280437704301
6.0, 7.1601440184291665
3.5, 2.5655078179565685
3.5, 3.6753394471962473
2.25, 1.9695757376645358
3.5, 4.4648817185905445
3.5, 4.236997994864673
2.25, 2.766040700019655
1.0, 1.6129635905593682
4.75, 5.295274754877106
2.25, 2.429214123464851
1.0, 0.39845743087484464
6.0, 6.712159391608366
1.0, 0.5364581686488862
2.25, 1.4954901525041886
1.0, 0.47198694126078167
2.25, 2.6977092474250304
6.0, 4.455966467018031
2.25, 1.5588645037661941
6.0, 5.50266400684272
2.25, 2.2954298550798975
6.0, 5.425169049697861
1.0, 0.4087561226647479
4.75, 3.840012125591123
6.0, 5.466520695087736
6.0, 7.08512548202934
1.0, 1.1801371501826583
3.5, 3.1661562856701635
1.0, 0.32450145362460203
4.75, 5.075007920253793
2.25, 2.3228388045288115
1.0, 1.5403000612048392
3.5, 3.887562172334647
1.0, 2.680587841287733
4.75, 4.842973656699659
6.0, 6.0933905910316195
4.75, 6.453998379867713
6.0, 6.101994397603391
4.75, 5.164953843494786
3.5, 3.813570835039993
1.0, 1.9620531645355208
2.25, 1.6801273770541048
4.75, 3.5051888159212696
2.25, 3.5185791186234168
3.5, 4.172593240478278
4.75, 5.540389948023538
6.0, 5.524814192933933
2.25, 0.7111054476994361
1.0, 1.646254874529253
1.0, 2.908554140529313
3.5, 2.595641509817906
4.75, 4.969925612727094
2.25, 3.8363403608373785
3.5, 3.723299140018216
3.5, 3.089418186005495
3.5, 2.8625136901735453
6.0, 6.073957382454416
4.75, 5.9607437484618035
2.25, 2.4458715718695654
6.0, 4.968830125568461
6.0, 7.715950536077655
4.75, 4.079814032991791
4.75, 5.916381662074787
4.75, 4.578451663819943
6.0, 5.762103570162428
1.0, 2.3729541809601367
6.0, 6.0805798048665025
3.5, 3.3930002157665253
4.75, 4.006303576934625
1.0, -0.5164761067076791
3.5, 2.934291080052285
1.0, 0.5897828200015642
4.75, 5.28518814872093
1.0, 1.1097817864430657
1.0, 1.4875582977026114
1.0, 0.7573243619577111
2.25, 1.7370325939543423
1.0, 0.3290281222090692
2.25, 1.0199117870129184
4.75, 5.340388342636379
2.25, 2.728352222726478
6.0, 6.729643416357337
1.0, 0.2251749654155284
2.25, 2.431331540295656
4.75, 4.391647298704852
6.0, 6.178424700766389
1.0, 1.9370350681814923
1.0, -1.087587730873854
1.0, 0.9853579756461528
1.0, 3.322091366630093
1.0, 0.6069575290719011
3.5, 3.8304303659229517
1.0, 1.2356954810135916
3.5, 3.5122082691233443
3.5, 3.609899590074008
3.5, 3.2289219979970554
4.75, 5.591587878694049
3.5, 4.757609834283596
6.0, 7.212269575694876
2.25, 1.7780601795077093
6.0, 5.723732115929474
3.5, 3.083264376653606
1.0, 0.14666584877409017
6.0, 5.254799061283014
4.75, 3.188230196479621
3.5, 3.010174429999687
4.75, 6.0070700505637875
1.0, 1.574352287428722
6.0, 6.254894158679899
1.0, 0.7514956097415871
6.0, 5.7656386133471
6.0, 6.9463309769689605
1.0, 1.4122070791526329
2.25, 0.9739413460896955
1.0, 0.6443383034951713
6.0, 5.656421781134209
3.5, 1.580555645958911
3.5, 2.6219279967378784
3.5, 3.0932202540337665
4.75, 5.7067050944347635
6.0, 5.4845760630647975
6.0, 4.892461183693161
6.0, 6.004604835478701
2.25, 0.342325494552171
3.5, 3.987236729254412
3.5, 3.80855759832497
4.75, 4.725434853454247
2.25, 2.938455368212792
6.0, 6.282001823462305
6.0, 6.989016706817795
4.75, 4.904027954555675
4.75, 4.391021621858593
2.25, 3.6301036204561843
3.5, 3.985548744525827
6.0, 5.824200592009873
6.0, 5.681135437588337
1.0, 0.8051586068041559
2.25, 3.1417460593743933
6.0, 5.371113922376686
6.0, 5.854896471974918
4.75, 4.023148611955593
4.75, 3.8426307068933854
1.0, 0.5322467638270129
2.25, 3.4486284098079145
3.5, 3.512394608331498
4.75, 4.855741177519321
4.75, 5.705097825934302
2.25, 3.290940562846791
4.75, 4.090151213461113
6.0, 5.628160690891537
4.75, 5.400234028108844
1.0, 1.0188289478133996
2.25, 3.0465910954890987
4.75, 5.302718686553187
4.75, 4.551195955326895
3.5, 3.177772981200106
6.0, 6.226019046847666
3.5, 3.7699396077725944
3.5, 2.0641459243678644
3.5, 3.023245988330546
2.25, 1.7786516055914285
1.0, 0.91896556557325
4.75, 5.979995598818527
6.0, 4.955800576571814
1.0, 1.4064148668267913
6.0, 4.90546273708787
1.0, 1.8087605317099604
6.0, 6.4297613803845906
2.25, 1.5638574276630435
6.0, 6.572989405563417
3.5, 4.825791982719675
4.75, 5.276340874484271
1.0, 0.9212579804560372
3.5, 3.88956082162776
6.0, 5.899925337096318
2.25, 1.9211421258054457
4.75, 4.886049239564987
1.0, -0.08235134820239454
6.0, 6.88195350477395
1.0, 1.18741858323161
6.0, 7.448652799231178
6.0, 4.384102940049468
6.0, 4.941352974033759
3.5, 3.186108696479575
1.0, 1.6521101643603406
1.0, -0.16842763791774207
2.25, 3.019283723602059
6.0, 5.438066566995258
1.0, 1.8947962423177684
2.25, 1.7724442644882645
6.0, 5.303991124853103
3.5, 4.408253508385948
3.5, 2.168671578192386
3.5, 4.043126242560359
1.0, 0.4561072292542919
4.75, 5.280627502444332
4.75, 4.354160381205368
3.5, 3.3257541779253694
6.0, 7.564363541421573
6.0, 6.456978443347341
4.75, 5.056025303927266
3.5, 3.277745839211092
1.0, -0.10299121546192547
4.75, 5.201097043740381
6.0, 4.807026739635561
4.75, 4.624737559595749
2.25, 4.069985548834385
4.75, 3.590787468705509
1.0, 1.756119749688013
4.75, 5.589921208342946
2.25, 1.2127658408905906
6.0, 5.619322155225656
1.0, 1.0660134122828286
2.25, 1.7826607414917586
2.25, 1.2623384222777991
1.0, -0.381405143829352
4.75, 4.087742418815694
4.75, 3.798085429423092
2.25, 2.125635268495317
2.25, 0.6931152174210164
6.0, 5.742444052714193
4.75, 4.136865647989092
2.25, 2.378597493633535
1.0, 1.9810218975336258
3.5, 4.164819899486396
2.25, 3.57687041822077
1.0, 1.785118589134113
4.75, 4.640203945569941
4.75, 5.045417728583169
3.5, 3.2011464563226353
1.0, 0.8556944605633756
6.0, 6.583270757694473
6.0, 5.644212890918444
3.5, 3.0384517188138678
6.0, 6.521998541747626
2.25, 2.577115393655703
6.0, 4.638540267443263
1.0, 1.130570874032949
4.75, 4.816491302629585
4.75, 3.6002650101624516
4.75, 4.612779071053902
2.25, 2.3758544247570397
6.0, 6.071983811214557
4.75, 5.7838869163860105
4.75, 3.538803401654781
1.0, 1.888228869487301
3.5, 3.879581241776158
1.0, -0.08715530942329885
1.0, 2.133594129284666
1.0, 1.5222672896806928
4.75, 4.6951968693889725
4.75, 4.850140518923072
6.0, 5.953170267120079
3.5, 2.7168990289053974
2.25, 2.227344927008485
6.0, 7.0536392423745395
3.5, 2.7183354662646755
3.5, 5.236097650623547
1.0, 0.5365779394302859
3.5, 2.647181370683179
2.25, 2.577351850123194
1.0, 1.2311105930404074
3.5, 3.7052760231571216
3.5, 3.0258818198435025
6.0, 5.751117891006843
3.5, 4.170461714544068
6.0, 7.444308095719441
4.75, 6.973953621694021
1.0, 0.9657841919058683
3.5, 2.8795769571475374
6.0, 5.451232634405151
4.75, 5.716702509578769
2.25, 1.5078440008098397
6.0, 5.061350607213683
1.0, 0.8414952958681166
6.0, 7.287973302501262
4.75, 4.991555134772628
2.25, 2.507827055696569
3.5, 2.4685217083238347
6.0, 5.647967785506701
6.0, 5.670513583214163
1.0, 0.27268039344077755
3.5, 3.6185199605559473
1.0, 0.8838579876914953
3.5, 3.7246740674276326
2.25, 2.043877435545164
6.0, 6.935185707694319
2.25, 2.686472117516027
3.5, 2.60211731170756
2.25, 1.823408760123694
1.0, 0.9246502155252649
4.75, 4.678873194826242
3.5, 3.6396616582127512
2.25, 2.218561672292966
1.0, 2.16629964723424
6.0, 6.6012900255170095
4.75, 5.488401906408201
2.25, 2.0393395319488143
6.0, 5.54908345524911
4.75, 4.508287506198846
2.25, 3.2434383525159163
6.0, 4.7613025850364
2.25, 2.8658243812919366
2.25, 2.4397380256892367
6.0, 5.483513793006881
4.75, 5.389866175631218
6.0, 6.389349033219962
3.5, 3.274250861613686
6.0, 6.521755624077854
2.25, 0.9816877478699884
6.0, 4.901305003318299
6.0, 6.890930273355245
3.5, 3.525314624814237
1.0, 1.56579508940299
2.25, 3.3101042373643255
6.0, 6.728515072295489
4.75, 3.992709558922523
3.5, 3.8768944532434557
6.0, 5.652612678710212
1.0, -0.8379001497921761
3.5, 3.4401175314743715
6.0, 5.480916155902897
4.75, 5.9662598586219655
3.5, 3.662631080854152
6.0, 5.5173258647091
3.5, 3.9427666855464283
1.0, 1.3095442436784681
6.0, 6.669076267117406
1.0, 1.3119120843676058
6.0, 5.508731146574559
4.75, 4.98907716499994
1.0, 1.336047318083098
4.75, 4.938033575111493
1.0, 1.024401579483158
6.0, 7.027922389627775
4.75, 4.067968960462464
2.25, 1.6740583299199054
6.0, 5.574432216059281
2.25, 1.8116520552455913
6.0, 5.755458896200204
1.0, 1.362462623123374
6.0, 4.882194733117327
2.25, 2.583067332150493
4.75, 5.31723454008417
3.5, 3.5656341981690827
6.0, 6.369856750757613
1.0, 1.3242210579254856
1.0, 0.3133702013408144
3.5, 2.962475762755267
3.5, 3.5265695068986056
3.5, 2.743179595011238
3.5, 3.923423906729854
6.0, 5.679812330520883
3.5, 4.613102574120347
1.0, 1.575071949365184
6.0, 6.71813802811537
2.25, 2.85873485057581
4.75, 4.024803208165017
1.0, 0.23109550096858378
6.0, 5.281669717594407
3.5, 2.9296782130402645
2.25, 2.0346898166099296
3.5, 2.0128328610635307
1.0, 0.40757400026928114
3.5, 3.5147061354057008
4.75, 4.171207181852284
3.5, 3.755756891953793
4.75, 3.4534351011379134
1.0, 1.0341532987789839
4.75, 3.4814448082298166
1.0, 1.0310034304477684
4.75, 4.660083903768379
2.25, 3.3512544724718256
4.75, 4.494697580437601
6.0, 6.606446075271017
3.5, 4.34866296380227
3.5, 3.978302267529475
4.75, 3.6026017421306893
6.0, 4.900746834948931
6.0, 6.014400807486952
1.0, 1.7419104700239063
6.0, 5.3410392859703855
6.0, 6.112941655489554
1.0, 0.7326401462641721
4.75, 4.518640952272389
4.75, 4.977819843247649
3.5, 4.591847623164236
4.75, 4.3932143409164235
6.0, 5.563008784963796
2.25, 2.460961369129116
1.0, 1.0996581284265146
3.5, 4.45569221709062
6.0, 5.82306170572873
2.25, 1.2949020340767499
1.0, 0.6523725730263656
6.0, 5.801005834018093
6.0, 5.663446390730125
2.25, 2.5587320646991563
6.0, 7.214268395426354
4.75, 5.070876315853408
6.0, 6.825651055571034
2.25, 2.1463023458367307
3.5, 2.999328304852005
4.75, 5.302742899922622
1.0, 0.6622866278889181
1.0, 1.0292629136235618
1.0, -0.9580014916867483
1.0, -0.47744174877926837
6.0, 6.284308297017078
3.5, 2.7468814965721635
1.0, 0.38044506659754895
4.75, 4.977053311351652
3.5, 4.535972067409732
2.25, 2.119647108253666
2.25, 2.6012262313872925
3.5, 4.480828361750013
3.5, 4.774666626724543
3.5, 3.4971072613924497
3.5, 4.279654224094833
6.0, 7.3825835218705045
1.0, 0.2020089715614417
2.25, 2.384704274674207
3.5, 3.8478919132878184
3.5, 2.936074348283034
3.5, 3.649324514881698
6.0, 6.529414211154284
2.25, 2.420958375103661
2.25, 2.6518914279759827
3.5, 2.924515556723062
4.75, 5.1121577733768255
4.75, 4.512322883389829
2.25, 1.978822100148517
3.5, 3.2745104560723317
2.25, 2.6389279748275167
2.25, 2.4436910305553554
6.0, 7.938609602759266
3.5, 3.3351544222772103
4.75, 4.38838883269486
1.0, 0.4965125849083014
4.75, 4.088109217978005
3.5, 2.9818851155084354
6.0, 5.60619523550671
6.0, 5.233816602290979
3.5, 3.198533426221718
6.0, 5.913002563081003
4.75, 4.189588149792238
6.0, 6.8254946488931125
6.0, 6.299787265531333
2.25, 1.430323107671222
4.75, 3.794860488104053
3.5, 3.7536654983765807
2.25, 2.8867608532449855
4.75, 3.032348601975186
1.0, 1.6309433507642797
4.75, 4.731857353538081
6.0, 7.071295768994831
2.25, 2.346860658779072
4.75, 4.341030159821223
3.5, 3.4065466004694573
3.5, 3.801813330018248
1.0, 0.915101004671442
1.0, 0.8602359613094905
4.75, 4.505206100429996
3.5, 3.5484385674383483
6.0, 5.072289112227118
2.25, 2.100176047916897
4.75, 3.720970452416914
4.75, 4.615430443328256
3.5, 4.268706618067124
6.0, 3.6621136059402084
2.25, 3.372409202082787
6.0, 6.6709991707981775
2.25, 2.059524350176702
3.5, 3.7259017654643354
1.0, 0.6739114692877801
4.75, 5.789969432490961
6.0, 5.975758631326422
4.75, 4.411114242579011
2.25, 1.4022885370725677
3.5, 4.472690396135505
1.0, 0.9685412452062256
2.25, 2.3487293153520152
4.75, 4.2905100270584935
1.0, 0.064139809358984
1.0, 1.435500980420489
4.75, 4.621587776305881
4.75, 5.542754545819165
3.5, 3.5123974049721514
6.0, 5.745621749733973
6.0, 6.804027658041229
6.0, 6.013087986625456
3.5, 3.7877810810915493
1.0, 1.603434307755473
3.5, 2.3155594952242993
4.75, 5.432229145042979
4.75, 5.099357229375008
4.75, 4.580398327023681
6.0, 6.3653989769413295
4.75, 5.020401099664739
6.0, 6.205671604950732
1.0, -0.5572337923594386
3.5, 3.8844466088032163
3.5, 3.109129448515419
4.75, 3.2592873139285565
3.5, 2.7326846441139345
3.5, 3.4200132717113174
4.75, 6.17063921728105
1.0, 2.0027350898839664
4.75, 3.9869712987145713
3.5, 3.1971247216043617
2.25, 3.235778749647999
2.25, 2.799366809904037
6.0, 6.883135329484381
4.75, 6.8313034959679095
1.0, 0.3963153650181187
3.5, 3.280298149764302
1.0, 3.0853455529114244
4.75, 4.686447200370759
4.75, 6.373731985989085
1.0, 0.03474343665057711
3.5, 2.97118191562464
4.75, 4.141977581530633
6.0, 5.944423562959247
6.0, 5.722807540861655
6.0, 5.6173958965674595
6.0, 5.66570035331312
2.25, 2.2870584556365445
2.25, 1.192282760522584
4.75, 5.0520625409249575
4.75, 5.245741366218503
6.0, 5.047712480103566
1.0, 1.9733567501658609
2.25, 1.8945818024277983
6.0, 5.629703777274103
1.0, 0.5014324804191859
4.75, 5.529479341292293
1.0, -0.21584807910269288
1.0, 0.6837449662316117
3.5, 3.053794143675696
3.5, 4.545956033809426
1.0, 1.2463893759508546
6.0, 5.582749312160317
2.25, 3.0136915926156815
6.0, 7.059904575849252
4.75, 4.82018889342045
2.25, 3.5104795308631043
3.5, 3.114934030484281
4.75, 4.399150409872488
2.25, 1.315508554086167
2.25, 2.846053329820051
3.5, 3.35238752419278
6.0, 5.756108097679012
2.25, 2.335225349622918
6.0, 5.780056832111051
6.0, 6.308933472408056
1.0, 0.2346579666433044
4.75, 4.973900951340426
4.75, 5.564107293487037
1.0, 0.6352935385042104
4.75, 5.728110939194706
6.0, 5.624103228282518
1.0, 1.095118815152088
1.0, 0.4120484381686832
6.0, 5.002377885865735
2.25, 2.6345624588743166
4.75, 4.762665712405446
3.5, 3.0303304323990075
4.75, 5.5815553447453246
1.0, -0.44029218846928564
3.5, 2.8495963069608656
4.75, 5.1173230788472335
3.5, 3.2050035612823025
1.0, 2.134346970040757
6.0, 6.6915698415238145
2.25, 2.4930352415788226
1.0, -0.2811393212067883
4.75, 5.001454021504936
3.5, 3.499377462094936
1.0, 0.8031904882255886
1.0, 0.17515874140300403
1.0, 1.482873778272039
1.0, 1.3080579261079741
4.75, 5.705754063929044
4.75, 4.382057365490028
4.75, 3.776517806232753
1.0, -0.13335342595938693
2.25, 1.019538503427623
2.25, 2.7944666695520475
1.0, 1.3987950673274012
3.5, 3.0800741152204547
1.0, 0.3738442413932601
3.5, 2.927499263608286
6.0, 6.545735222936559
4.75, 3.0205476227416095
1.0, 1.3234742174467873
3.5, 2.4387440892731016
3.5, 5.36894520446568
4.75, 4.500356905097311
4.75, 4.025089031157602
6.0, 6.653212438319439
1.0, 1.3688888692325327
6.0, 7.601379292937148
3.5, 3.245591739823735
4.75, 4.931957245650555
1.0, 1.2841584391179137
1.0, 0.4862718864184421
3.5, 3.7296871071209265
1.0, 1.719541063803831
1.0, 0.07451084949347231
1.0, 0.693153410313508
6.0, 4.98606322500283
2.25, 3.019276996713007
1.0, 0.446266677515737
4.75, 4.653633614533758
1.0, 1.5381478233929413
3.5, 3.6350888798648002
2.25, 2.7417215184546304
1.0, 0.6594759890592929
6.0, 6.460382983955154
3.5, 5.414637150029004
4.75, 5.21532642816795
2.25, 1.0145810178017154
1.0, 2.307148651353322
3.5, 2.089707957341737
1.0, 0.5491576244976141
